m = 436 / 1000;
r = 10 / 100;
w = 55;

I = 2 * m * r^2;
K_rot = (1/2) * I * w^2;