m = 260 / 1000;
F = 7;

a = F / m