% 44 kwh
% 44000 wh
t1 = 22
t2 = 24
kwh1 = 44
w = 44000 / 3

ratio = kwh1 / (t1 - 10)

% kwh1 / t1 = kwh2 / t2

kwh2 = ratio * (t2 - 10) 

