L0 = .4;
L1 = .46;
L2 = .48;
m = .5;

% pt1
